-1.740707
0.261429
-0.902054
-1.309280
0.937714
-0.480301
0.342148
-1.433578
-0.254257
-0.110992
-1.259140
-1.654953
-0.364120
-0.478500
-0.723297
-0.026764
0.905853
-1.565384
-0.614029
0.093262
0.987976
0.451645
0.203583
0.426529
0.083710
1.174255
-0.404266
1.375977
-2.196274
0.395630
-0.037766
0.519943
0.981689
1.149796
0.297958
0.002853
1.498413
-0.049805
-0.972473
0.478088
1.333633
0.885803
-0.045425
-1.050858
-2.377747
1.203217
0.373932
0.167511
0.248093
-0.101364
-2.065186
-0.125687
0.168030
-0.194778
0.846283
1.272247
0.590836
0.501877
-0.223557
1.177979
0.317673
-0.857635
0.675201
0.597366
0.379608
0.126312
0.266632
-1.079895
-1.255005
-0.384781
0.817078
-1.969269
-0.593292
0.202133
0.226944
-0.436340
-0.438461
-0.863754
-0.951431
0.750793
0.646973
-0.293900
1.229584
-0.606125
0.048111
-0.621521
0.444870
-0.710922
-0.486343
0.230988
0.626892
-0.621429
-1.930145
-0.899017
1.949066
0.756454
0.992172
0.523788
0.723373
-0.396210
-0.690887
-1.030502
-0.858047
-0.010178
0.040909
-1.858963
-1.453552
-0.522781
1.235107
-0.834915
0.891373
-0.041870
-0.251465
0.050873
0.596893
2.097214
1.358261
-2.298172
0.554489
-0.806076
-0.163910
0.756104
0.209518
-1.173203
0.480469
-1.233521
0.235367
-0.578064
1.742691
-0.835571
0.236374
-0.382126
-0.685745
-0.911301
-0.198990
-0.760681
-0.358643
1.320099
-0.082993
-0.206009
0.917114
-0.659531
-0.835831
-1.528885
1.115479
-0.498795
1.872437
-0.469162
-0.126984
-0.964478
1.259613
-0.222443
-0.686798
-0.728897
-0.149445
0.167648
1.144669
0.907532
0.312256
1.572250
0.922058
-1.538544
0.697449
-1.626801
2.441437
-0.002487
-0.054672
-0.556778
0.323181
-1.761063
1.100479
0.281067
-0.417130
-1.007339
-0.249222
1.050858
-0.284485
-0.088867
1.271301
0.780396
0.818756
0.505310
-0.070633
0.584702
0.242996
0.996033
-1.056076
-2.050186
-0.933319
0.991211
0.263290
0.494827
0.722458
1.219910
0.839462
-0.654602
0.429352
-0.634079
0.336655
-0.951477
0.461288
-0.054840
1.720093
2.299072
-1.228409
-1.491119
-1.077820
0.294952
-0.293320
-0.162750
-0.986359
0.429733
0.853790
1.073059
-0.686783
0.921509
-1.927261
0.030212
-2.115936
-0.539505
-0.459869
-1.013046
-0.685059
0.119736
-0.213364
-1.515198
0.205963
-1.879898
0.846725
0.773743
0.205154
-0.097198
0.365082
-1.308060
-0.532379
0.881302
-0.769485
0.726868
0.411011
-1.214218
-0.527267
-0.423630
-0.591476
-0.289886
-0.625458
-2.832916
-0.746277
0.582962
2.405212
0.238785
1.948212
0.023605
0.543549
-0.188354
1.121109
-0.686462
-0.611389
-1.266724
-1.574722
0.027328
0.567200
-0.759628
-0.352859
0.008331
-2.209778
-0.049530
1.016190
0.403198
-1.138458
1.241440
-0.390915
-0.203552
1.202759
-0.605545
-1.538513
-0.274780
0.256683
-0.607498
-0.925446
-1.027222
-0.391235
-0.348267
-0.072479
-0.414658
1.079224
0.268250
-1.754456
0.872101
0.138199
0.435043
-3.140121
-0.275528
-1.137482
1.407440
0.373199
0.744492
-0.162415
1.022507
-1.591125
-0.923111
0.349396
0.105972
-0.506210
0.605621
-0.475784
-0.087204
1.726807
-0.402435
-0.190170
0.220703
1.227036
-0.483536
-0.943054
-1.970581
1.465775
0.897888
1.572235
0.803421
-3.307327
-0.251999
-0.110367
1.363174
2.685104
-0.045990
1.840698
-1.454575
-1.468353
0.430664
-2.544876
-1.527710
-0.425995
-0.001160
-1.694397
0.109726
0.727814
1.200424
0.437637
-1.969666
1.496262
1.213516
0.837280
0.833084
0.523499
0.764832
-0.360764
-0.270752
0.108871
0.646851
0.262909
-2.342102
-0.359695
0.133209
0.680511
0.278275
0.194580
0.582336
-0.991760
-0.619003
1.687988
2.039429
-0.131790
0.037903
-1.288651
1.050110
-0.675644
0.871216
-0.256058
-0.001389
0.194122
-1.469055
0.454254
-0.706024
-0.149277
0.148987
-0.283813
-0.198395
-1.098099
0.291138
0.086075
-0.204117
0.041916
-1.806381
-0.636047
0.205978
2.399460
-0.993546
-0.968430
-0.204163
-0.563782
0.513535
1.087891
1.573334
-2.860382
0.503174
0.325104
1.126831
-0.505859
0.109711
-0.109680
0.063049
0.465134
-2.994446
0.264633
-1.036240
1.757446
-0.468567
1.211563
1.233719
-1.458725
0.101730
0.195267
0.327377
-1.476715
0.815460
0.144470
0.218338
0.055618
0.652008
-0.094864
0.569458
1.816925
-0.433838
-0.353683
-1.314346
-0.162079
0.497940
1.314941
0.183014
-0.851517
-1.012421
0.811722
0.697342
0.898071
0.374161
1.206146
-1.347275
-0.844315
0.609772
0.380798
0.319473
0.303619
0.442505
1.101364
0.004211
-0.221252
0.323990
0.398300
-0.494873
0.169662
0.889511
-0.995255
1.330704
0.520081
0.265442
-1.051102
0.147110
-0.677216
-1.299286
-0.389130
0.230804
0.413696
-0.701797
1.246399
-0.816360
0.193085
1.540131
1.936066
-0.440613
0.515396
1.955002
0.419144
0.041946
-0.146790
-0.672150
0.549271
0.658203
-1.391541
-1.882553
1.052994
1.869370
0.333923
0.345108
-1.199020
0.257172
-0.188202
-1.212143
-1.090469
0.633316
0.345932
1.210617
-2.256683
0.021103
-0.656036
-1.628662
-0.144516
0.684067
0.011108
0.252579
-0.093491
-0.395874
-1.310837
1.198349
-0.346634
-0.492722
-0.780655
1.032074
-0.782944
-1.652130
-0.028305
-1.324326
0.009064
-0.867233
