-1.874268
-1.551453
0.250458
-1.603790
-1.386475
-0.782715
-0.847198
0.361404
0.442703
0.339783
-0.090439
-1.247772
-0.007828
-1.096390
0.260834
0.506989
1.167450
-1.236542
-0.803696
0.522964
-0.717026
-0.247849
-1.751526
0.162201
0.709824
1.139679
1.182388
-0.790771
-0.589294
0.693512
-0.328598
0.137833
0.121887
-1.703140
1.317169
-0.385040
0.688538
1.166962
1.246033
0.215515
1.091461
-0.568893
-1.471695
-0.151535
-0.363525
-0.243820
-1.526611
-0.398666
0.278946
0.386826
-1.258240
-0.347122
0.092056
0.592026
2.339508
0.334671
-0.001617
0.281693
1.280167
0.186050
0.344421
0.124451
0.448883
-0.820541
-0.585785
0.678726
1.010117
-1.050537
-2.149246
-1.387177
-0.467331
1.529800
-0.408585
0.291534
1.025955
-0.294647
-0.048431
-0.168533
-0.118011
-0.051010
-0.786453
-1.204010
1.040527
1.007904
-0.196915
-0.151016
0.546188
-0.843155
-0.188766
-0.860138
-0.290543
1.159378
0.666656
-1.154053
-0.270294
0.252548
0.395782
-0.808197
1.519623
-0.173004
-0.901581
0.998825
-0.105942
1.978348
-0.683853
-0.953796
0.519287
-0.556534
0.719986
-0.508041
-0.057251
0.609634
-0.470367
-1.251831
0.623062
-0.126495
-0.489624
-0.354294
-0.080185
0.581879
-1.236725
0.206924
-0.575470
-0.257629
-1.303406
-0.431320
-0.708496
-0.447952
-1.068130
-0.127853
0.718765
-0.645111
0.075348
-0.253342
0.335876
-0.912476
-0.727356
-0.421844
-0.293625
-0.085052
0.586212
0.509354
1.119232
0.131531
0.029266
-1.296310
0.026993
0.135910
0.418701
0.106293
0.223099
-0.065048
-0.179703
-0.305695
0.724792
0.741898
-0.221176
0.735275
0.487762
0.454163
0.163071
-0.172211
0.880020
-0.479218
0.479462
1.398102
0.095840
-0.019836
0.446655
-0.617325
0.503159
-1.312729
1.030960
-0.251221
-1.321213
-0.892410
0.445633
-0.527603
0.751099
0.427216
0.575836
-0.587830
1.746902
0.843262
1.885452
1.176102
0.516296
-0.895325
-0.029358
-1.177124
-1.381348
0.092651
0.891800
0.729248
0.767044
0.955963
-0.589798
-1.182465
1.124237
-0.541840
0.197983
0.247238
-1.332916
1.276825
-0.206787
-0.826004
0.693329
-0.006226
-0.336578
0.183670
-0.892578
-0.110031
0.578842
1.193924
-1.646957
-1.217056
0.819595
0.571915
-0.102158
-1.905426
-0.205673
-0.210037
-0.485260
-0.182861
-0.337494
0.466446
1.039459
-0.072495
0.179047
-0.042542
1.167862
0.217117
0.607605
-0.107788
-0.767944
-0.311218
-0.512039
0.545319
-0.446777
-0.278366
-0.621353
-0.013718
-1.092682
0.904907
-0.437256
-0.702148
-1.056198
0.493805
1.341446
-0.515808
0.460953
0.509964
0.269501
-0.092270
0.856812
-0.591080
-1.153915
0.042587
-0.644363
-0.562759
-0.163849
-0.017044
-1.130722
0.650833
1.656250
0.835953
0.525909
-0.401550
-0.031418
1.130341
-2.086807
-1.010406
-0.544434
-0.599792
-1.340683
-0.914673
1.322113
-1.615112
-1.098099
0.963654
0.413406
-0.339462
-0.731400
-0.456970
1.235580
0.050034
-0.610138
-1.240128
0.383820
1.103577
-1.168488
-0.498932
-0.974518
-0.207092
-1.065948
0.600800
0.523560
0.177658
-1.052078
0.013977
0.300766
0.742142
0.699631
-0.084625
-0.244766
-1.004364
1.630371
0.561340
-1.007294
0.532806
-0.106155
-1.710861
0.447006
-1.527084
-0.935608
-0.401886
0.774933
-0.162811
-1.458298
-0.560364
0.827881
-0.385651
1.217957
0.632874
-0.410294
-1.152283
0.221893
-0.049210
-1.416672
-1.114044
-0.642807
-0.202057
0.000885
1.104538
0.776978
0.309784
0.385162
-1.295502
0.467804
-0.138550
0.622635
-0.045547
1.426697
-0.249802
1.067917
0.675995
-0.463943
-0.871201
-1.429764
0.044968
-0.607254
-1.462097
1.405869
-1.017410
0.354263
-0.988068
-0.350677
0.687988
0.665588
0.900177
0.297989
-0.252243
-0.989471
-0.336792
-0.479599
0.461838
-0.027817
0.986191
-0.324036
1.847992
-2.213089
-0.209702
1.873337
-0.169662
-0.334412
0.545990
0.291641
1.314957
1.443939
-0.073471
-1.946198
-0.321762
0.730957
0.735626
-0.191940
0.080002
0.756927
-0.966537
-0.731094
1.417542
-1.058472
-1.064560
0.872131
1.914627
0.147964
0.092712
0.152634
0.325668
-0.492599
0.685104
0.090973
-0.989624
0.570129
0.390274
0.379074
0.699417
-0.223694
-1.494064
-0.962906
0.229202
1.226532
1.139557
-0.867157
0.386414
0.600082
0.711044
-0.124664
0.935547
0.055023
0.662903
1.132477
-0.783295
0.473816
-0.515091
2.224213
-0.363403
0.584122
-0.002808
-0.916290
-0.328522
-0.450897
-1.076614
-1.296646
0.452530
-0.351822
-0.123520
-0.938202
-0.617981
0.916885
-0.614502
-0.318481
1.260010
1.706329
-0.161209
0.611710
1.337082
0.220795
-0.349838
0.647797
-1.323883
-0.208893
-0.674942
-0.037643
-1.244858
-0.514542
-0.231964
-0.177307
-0.422363
-0.632446
0.064896
0.067184
0.257965
0.513763
-1.524673
0.575256
0.641068
0.192261
-0.515579
1.553741
0.826965
-1.541367
-1.011475
0.176575
-0.565659
0.279984
-0.648132
-0.108597
-1.555389
-1.014694
0.001801
-0.344116
0.025787
-0.075729
0.559677
-0.572357
-1.322693
-1.020599
0.166397
-0.857941
-0.406082
-0.390411
0.435913
-1.623718
-0.473557
0.923523
0.780182
-0.012360
-0.485962
0.574661
-1.029877
-0.227951
-0.665573
-0.794479
0.397827
-1.041107
-0.131088
-0.458344
-1.568619
0.197311
-0.259888
0.010361
-0.278641
