-1.842590
-1.890747
-1.008865
-2.012482
0.683701
0.684097
0.839127
0.342117
0.713104
0.628098
-0.776611
-1.634918
-0.489014
-1.294662
-0.565811
1.172531
1.222763
-1.164795
0.523071
0.380112
-0.428772
0.160141
-0.476471
0.788132
2.294830
1.844986
0.293976
1.235916
-1.353470
0.893585
0.112518
0.711411
0.320465
-1.070770
1.340607
0.096390
0.117752
1.734314
-0.086121
0.673706
1.735977
0.307770
-0.012924
0.250778
-0.683517
-1.051620
0.136826
-0.393692
0.000610
0.918472
-1.419205
1.310043
-0.612183
0.797897
1.800125
-0.088577
0.335403
0.752716
0.354523
0.593811
0.720383
-0.557999
0.635162
0.041336
-1.122498
0.293488
0.224442
-0.631363
-0.905029
-0.900864
-1.756668
-0.369232
-0.161682
0.437134
1.208557
0.622589
0.396408
0.230881
-1.005157
0.483109
0.385406
-0.713074
0.158936
0.847473
1.155457
0.343430
0.436829
-0.983170
0.239609
-1.765427
-1.127960
0.733124
0.748734
-1.526779
0.382431
0.029831
0.365234
-0.623810
1.373215
-0.049454
-1.950760
0.398666
0.535568
0.122620
-0.550491
-0.141724
0.495880
-0.830933
1.797592
0.145981
-0.112549
1.156143
0.113892
-2.158340
-1.034943
0.457397
0.494858
-0.676437
0.227142
0.816849
-1.061844
-0.273300
-0.625793
-0.885529
-1.158432
-0.670731
-1.838409
-0.834259
0.125183
0.281174
0.505508
-0.237900
-0.477356
0.107803
-0.262894
-0.604584
-1.176834
0.690750
0.481293
-0.018448
-0.256332
1.024384
0.260574
-0.573624
-0.070923
-1.476288
-0.466965
-0.114761
0.755219
0.164047
0.518066
-2.519348
-0.115601
-0.768478
-0.315460
1.818802
-0.038406
0.222244
0.778290
0.578751
-0.096725
-1.561340
1.193024
-0.531708
1.063263
0.749817
1.022476
1.344345
0.581192
-0.197311
-0.771774
-0.515823
0.246979
-1.256744
-1.083725
0.034760
-0.200455
-0.000366
0.493286
0.947037
1.188400
-0.611618
1.071747
0.644592
1.540161
1.250824
0.497711
-2.046783
-0.423309
-2.356537
-1.747986
0.469376
-0.254456
-0.148895
-0.872681
0.146347
-1.419952
0.009628
0.441391
-1.193390
1.363007
-0.002670
0.085876
0.349869
-0.393021
-1.509872
0.291077
0.313660
-0.223785
-0.853333
-0.141296
-0.554932
0.476700
0.591064
-1.494736
0.581589
0.638901
0.838760
-1.130356
-0.306473
-0.351929
-0.219757
-1.206741
0.163467
1.115372
-0.317947
0.258194
-1.956848
-0.667374
-0.007034
0.644165
0.954803
1.419357
-0.327728
-1.844330
0.632950
-0.154053
0.915741
0.562988
-0.768127
0.016281
0.067261
-1.483978
1.132294
-0.915985
-0.562744
-0.548309
1.194214
2.112595
0.091583
0.586487
0.883972
1.694336
-0.229172
1.068329
0.368088
-1.394333
-0.380447
-1.306976
-1.547394
0.963455
1.371017
0.364304
0.117935
1.049942
-1.663254
-0.369568
-1.047943
-1.241318
2.154495
-1.788544
-1.526489
0.231552
-0.232742
-1.221451
-0.342987
0.646591
-0.067795
-1.466629
-0.122681
-0.308182
-0.179153
-0.787064
-1.144989
1.320984
0.012955
-1.454453
-1.049179
0.469421
1.515778
-2.064484
0.358871
-0.745346
1.066254
-0.170212
1.183014
1.291672
1.205475
-2.222519
-0.975601
0.029266
-0.325073
0.209564
0.075790
0.358017
-1.010956
1.505096
-0.446030
-1.146255
-0.012695
1.944504
-0.449615
0.386841
-1.450745
-0.408112
1.053070
0.959900
-0.162964
-1.408463
-0.398026
1.948654
-0.846497
2.136871
-0.896423
0.974548
-0.186539
-1.108063
1.141891
-1.368530
-2.168823
-0.045471
0.536240
0.235748
0.598480
1.175323
0.538361
-0.936188
-1.520813
0.789215
1.296692
0.529007
0.154770
0.853653
0.045410
-0.102448
-0.044632
0.805832
0.238556
-0.266785
-0.234329
0.007645
-1.151108
1.818954
-0.031799
0.795593
-0.427673
-0.449463
0.375977
1.199203
0.923843
0.620209
-0.254257
-0.626938
-0.011520
0.618301
0.712448
-0.569214
0.714096
0.013184
0.857086
-1.673981
-0.604279
0.661026
-1.444382
-0.850342
0.269653
1.335464
0.201782
1.010300
-0.709641
-0.670624
-0.451599
0.954651
0.921341
-0.104111
-1.038696
-0.047150
-0.672043
-0.051819
-0.062317
-2.181915
-0.480743
-0.507202
1.140335
-0.178055
-0.293442
-0.097214
-0.405518
0.267593
-0.007431
-0.466431
-0.533340
-0.963867
0.109970
0.102921
-1.167114
-0.492111
-0.918610
-1.637756
0.562927
-0.160492
1.186539
-0.277802
0.595642
1.140182
0.937607
-0.094666
0.672180
-0.912292
0.557907
1.123260
-1.188293
-0.476501
-0.262512
1.436234
0.638733
1.453552
-0.504471
-1.013260
0.832413
1.442734
0.421738
-0.994675
0.645554
0.023010
-0.813980
-1.251419
-0.200699
0.522537
-0.807205
0.529831
1.028412
0.734222
1.190720
0.023499
1.673492
1.225571
-0.410294
0.959030
-0.987839
-0.987640
-0.904785
-0.072830
-1.322449
-0.316605
0.820221
-0.321335
0.164246
0.318253
0.009933
1.859543
-0.569016
0.185989
-1.349792
0.672043
0.925323
1.696365
-0.422668
0.787201
0.334229
-0.813934
-0.808426
0.082306
-0.457138
-0.770447
-0.557449
-0.702133
-1.058517
0.285858
-0.849594
0.661453
1.536911
-1.370758
1.388870
-0.151184
-2.310501
-2.119659
0.486221
-1.264267
1.451935
-0.024734
-0.955261
-0.898941
-2.057495
1.313553
1.411179
0.334396
-0.704193
0.388016
-0.619019
-1.100922
-0.219193
-0.240601
-0.516754
0.304535
-0.663025
-0.492828
-0.592316
-0.494461
-0.559692
1.356171
-0.553238
